movie_ID,production_budget,gross_income,net_income,cost_income_ratio
tt1179933,5000000,108286422,103286422,0.046173840705531856
tt3453052,12000000,14616,-11985384,821.0180623973728
tt1413492,35000000,71118378,36118378,0.4921372081911092
tt2024544,20000000,181025343,161025343,0.1104817682903106
tt1542344,18000000,60217171,42217171,0.2989180610958957
tt2059171,4000000,47552,-3952448,84.11843876177659
tt1272878,61000000,132493015,71493015,0.46040162947458024
tt1232829,42000000,202812429,160812429,0.20708789992352983
tt2294449,50000000,331333876,281333876,0.15090518543899206
tt2304459,1000000,549185,-450815,1.8208800313191364
tt2172934,28000000,38959900,10959900,0.7186876763030706
tt1622547,28000000,40966716,12966716,0.6834816830326356
tt1253863,110000000,330780051,220780051,0.33254726114060607
tt3835080,1500000,922727,-577273,1.6256162440245057
tt0453562,31000000,97470701,66470701,0.31804429107368376
tt1335975,175000000,151716815,-23283185,1.1534647626237078
tt1486193,12000000,87793,-11912207,136.68515713097855
tt1777595,10000000,1069454,-8930546,9.350565802736723
tt1306980,8000000,41334735,33334735,0.19354182384379626
tt1484522,2500000,100280,-2399720,24.93019545273235
tt4337690,5000000,4816142,-183858,1.0381753694139417
tt6359956,28000000,127710550,99710550,0.2192457866636703
tt1554091,10000000,1884251,-8115749,5.30714856990921
tt2027265,10000000,1884251,-8115749,5.30714856990921
tt1571222,20000000,14807531,-5192469,1.3506640641171037
tt6265828,100000,2769782,2669782,0.03610392442437708
tt1606378,92000000,304249198,212249198,0.30238370587257885
tt2243537,2500000,59922558,57422558,0.041720515335810594
tt2828996,4000000,21206861,17206861,0.18861820238271002
tt2980210,35000000,11846010,-23153990,2.9545813316044813
tt2937898,20000000,8846875,-11153125,2.2606852702225364
tt1972571,15000000,36068890,21068890,0.4158708515842877
tt1179056,35000000,117729621,82729621,0.2972913673101861
tt6644200,17000000,334522294,317522294,0.05081873556684387
tt7040874,20000000,97628717,77628717,0.20485775716995236
tt3606888,8000000,17382693,9382693,0.46022788298683065
tt0763831,40000000,20790486,-19209514,1.9239569483849488
tt1268799,20000000,36265745,16265745,0.5514846034460342
tt0365907,28000000,62108587,34108587,0.4508233297917404
tt1178665,8000000,37119358,29119358,0.21552096887020514
tt1620680,103000000,133401882,30401882,0.7721030502403257
tt2321163,1900000,10137234,8237234,0.18742785260752587
tt1600195,35000000,86648359,51648359,0.4039314812644057
tt2447982,35000000,86648359,51648359,0.4039314812644057
tt1826590,13000000,50445860,37445860,0.25770201955125754
tt2194499,12000000,89309178,77309178,0.13436468981944946
tt1611224,67500000,137489730,69989730,0.4909457600942267
tt1610996,70000,8555,-61445,8.182349503214494
tt7501544,70000,8555,-61445,8.182349503214494
tt1137470,26000000,135436,-25864564,191.97259222067987
tt6063050,20000000,46627836,26627836,0.4289283337103613
tt1591479,12000000,82497035,70497035,0.1454597731906365
tt6495770,19000000,5103675,-13896325,3.7228075847306106
tt2205401,5000000,17499242,12499242,0.2857266617605494
tt3435418,5000000,17499242,12499242,0.2857266617605494
tt1814621,13000000,18733666,5733666,0.6939378549825752
tt6306064,35000000,57897191,22897191,0.6045198289499054
tt1815862,130000000,251499665,121499665,0.5168992968638746
tt2388637,5000000,1075009,-3924991,4.651123851056131
tt4743226,65000000,516279,-64483721,125.90091791453845
tt6139732,182000000,619234314,437234314,0.29391136099088977
tt1602098,7500000,8539003,1039003,0.8783226800599555
tt1712170,35000000,35426759,426759,0.9879537668122562
tt1698641,28000000,101379287,73379287,0.27619053978945424
tt2567026,170000000,276928112,106928112,0.6138777272276351
tt1014759,200000000,1025491110,825491110,0.19502850687803622
tt2049386,200000000,1025491110,825491110,0.19502850687803622
tt2316204,97000000,238521247,141521247,0.40667236659214684
tt0437086,170000000,402976036,232976036,0.42186131385738285
tt1666185,45000000,54876855,9876855,0.820017838121372
tt1175709,20000000,873617,-19126383,22.893327396330427
tt4663548,2000000,5941994,3941994,0.3365873476142857
tt2704210,300000,3565259,3265259,0.08414535942550036
tt3640424,106000000,119266661,13266661,0.8887647152291788
tt4649416,17000000,42493506,25493506,0.40006112934056326
tt1243974,37000000,25387091,-11612909,1.457433622465843
tt4244998,51000000,99624873,48624873,0.5119203514568094
tt1615918,80000000,349088523,269088523,0.2291682330673472
tt2974918,90000000,249517956,159517956,0.36069548437628274
tt1961175,63000000,68310140,5310140,0.9222642494950237
tt4733536,1000000,26,-999974,38461.53846153846
tt3721936,3500000,2611750,-888250,1.3400976356848857
tt1800241,40000000,257878294,217878294,0.15511193043645619
tt3532216,50000000,135569212,85569212,0.3688153029907705
tt1605630,50000000,236799211,186799211,0.2111493521825966
tt2179136,58000000,547326372,489326372,0.10596967909304396
tt3316948,28000000,30295028,2295028,0.9242440706772082
tt1602620,9700000,36787044,27087044,0.2636797890039765
tt1229340,50000000,172185754,122185754,0.29038406975294834
tt2465146,18000000,17920013,-79987,1.0044635570297857
tt1313092,4200000,8078683,3878683,0.5198867191595462
tt1781769,49000000,71004627,22004627,0.6900958722028073
tt3322940,6500000,256862920,250362920,0.02530532628064806
tt5140878,15000000,305384865,290384865,0.049118347760947485
tt1823664,65000000,139829625,74829625,0.46485142186428663
tt2798920,55000000,43070915,-11929085,1.2769638165337327
tt2401878,8000000,5706168,-2293832,1.4019916693655006
tt1521197,27500000,15815509,-11684491,1.7387995542856065
tt1549572,175000,2102779,1927779,0.08322320129695036
tt1719071,4000000,978527,-3021473,4.087776831911639
tt1431181,8000000,20005613,12005613,0.3998877714969294
tt0478970,130000000,518858449,388858449,0.2505500300718819
tt5095030,130000000,623144660,493144660,0.20861929555811326
tt1772240,5000000,26517819,21517819,0.18855245976299936
tt1477834,160000000,1146894640,986894640,0.1395071477533455
tt1764183,12000000,35830713,23830713,0.33490821128789705
tt1519461,5000000,7556,-4992444,661.7257808364213
tt1024648,44500000,227140757,182640757,0.19591376108691932
tt2543164,47000000,203127894,156127894,0.23138131880597354
tt1334512,40000000,47787943,7787943,0.837031215174924
tt1430607,85000000,149717124,64717124,0.5677373284301133
tt2870612,5000000,41824066,36824066,0.11954839589245102
tt2176228,450000,13486,-436514,33.36793711997627
tt2800038,5000000,851690,-4148310,5.87068064671418
tt2406566,30000000,98345423,68345423,0.30504724149694284
tt1478964,13000000,6459183,-6540817,2.012638440496267
tt1322269,25000000,50738810,25738810,0.4927194784426359
tt2395427,330600000,1403013963,1072413963,0.23563557364254115
tt4154756,300000000,2048134200,1748134200,0.14647477689694358
tt4849438,30000000,263502914,233502914,0.11385073335469831
tt2631186,40000000,26736665,-13263335,1.4960729021364483
tt3890160,34000000,228104185,194104185,0.14905469621261003
tt1920849,3000000,12577401,9577401,0.2385230462159869
tt4651520,20000000,180998716,160998716,0.11049802143347802
tt1284575,19000000,215448997,196448997,0.08818792505216444
tt6628394,32000000,29204379,-2795621,1.0957260895703347
tt1171222,8500000,22885836,14385836,0.3714087612967252
tt3863552,13000000,121778347,108778347,0.10675132583299066
tt3202120,10000000,247565,-9752435,40.39343202795226
tt3628584,20000000,54404202,34404202,0.3676186629848922
tt2975590,250000000,867500281,617500281,0.2881843446918722
tt4622512,25000000,18445379,-6554621,1.35535301280608
tt1532958,20000000,16723377,-3276623,1.195930702273829
tt1440129,220000000,313477717,93477717,0.7018042689139529
tt1469304,60000000,175863783,115863783,0.3411731453542086
tt1152398,17000000,38028230,21028230,0.44703632012323474
tt2125435,1800000,23265132,21465132,0.07736900009851652
tt1226837,25000000,13031424,-11968576,1.9184396118183247
tt1559547,50000000,60282876,10282876,0.8294229359594588
tt2771200,160000000,1259199706,1099199706,0.12706483271685262
tt1691916,5000000,18945682,13945682,0.2639123785567603
tt1726592,22000000,19563579,-2436421,1.124538613307923
tt2209418,3000000,23251930,20251930,0.1290215478887129
tt4700756,3500000,890303,-2609697,3.9312458792119087
tt2638144,95000000,91669648,-3330352,1.036329931145803
tt3125324,7000000,14618727,7618727,0.47883786324212774
tt1126590,10000000,27317872,17317872,0.3660607239099737
tt4317898,10000000,27317872,17317872,0.3660607239099737
tt2245084,165000000,652127828,487127828,0.2530178791879435
tt1430615,40000000,25268680,-14731320,1.5829873186885899
tt1464174,32000000,82332450,50332450,0.3886681375326496
tt2562232,18000000,103215094,85215094,0.17439309797072897
tt3182620,21000000,606162,-20393838,34.64420402466667
tt7349662,15000000,93017335,78017335,0.1612602640142292
tt1355683,53000000,98837872,45837872,0.5362316987156502
tt1425922,17500000,7285135,-10214865,2.402151778930658
tt1825683,200000000,1348258224,1148258224,0.14833953647739812
tt0947798,13000000,331266710,318266710,0.03924330337932236
tt2717822,70000000,19665004,-50334996,3.5596229728709945
tt1629705,4500000,1217307,-3282693,3.6966845668348247
tt1856101,185000000,259357408,74357408,0.7133013914142757
tt1540011,10000000,38985577,28985577,0.25650511726426417
tt1620935,16000000,6603926,-9396074,2.422801224604879
tt1086772,45000000,127990741,82990741,0.3515879324427069
tt2531344,21000000,94045328,73045328,0.22329657885822887
tt1210039,10000000,109383,-9890617,91.42188457072854
tt5621080,26000000,2923959,-23076041,8.892053547946466
tt2334873,18000000,102912961,84912961,0.1749050831410827
tt1758575,1200000,595018,-604982,2.0167457118944303
tt1120985,1000000,16566240,15566240,0.060363727677493505
tt1727824,55000000,894985342,839985342,0.06145352043095249
tt2494362,2000000,475846,-1524154,4.2030404794828575
tt6857166,10000000,91113683,81113683,0.10975299944795339
tt2246526,500000,1822,-498178,274.423710208562
tt1065073,4000000,57273049,53273049,0.06984087751291188
tt1217209,185000000,554606532,369606532,0.33356981810665004
tt7137846,6000000,51411620,45411620,0.11670513397554871
tt1430612,28000000,73421224,45421224,0.38136111705247516
tt1478338,32500000,289632023,257132023,0.11221134895018152
tt3682448,40000000,162498338,122498338,0.24615636376539432
tt1235522,35000000,34480045,-519955,1.0150798817112914
tt2503954,15000000,3471,-14996529,4321.5211754537595
tt2381111,11000000,62076141,51076141,0.17720173681543766
tt3262990,1900000,478595,-1421405,3.9699537186974374
tt3787742,1900000,478595,-1421405,3.9699537186974374
tt3650484,13000000,17856688,4856688,0.728018544088355
tt3802576,13000000,17856688,4856688,0.728018544088355
tt4952376,13000000,17856688,4856688,0.728018544088355
tt1411664,10000000,2529395,-7470605,3.9535145756198617
tt4701182,102000000,465195589,363195589,0.21926261213968648
tt1462758,1987650,21270290,19282640,0.0934472449599888
tt1126591,55000000,90552675,35552675,0.6073812838770362
tt1586713,55000000,90552675,35552675,0.6073812838770362
tt1781784,225000,1109276,884276,0.2028350022897818
tt2503944,20000000,36773510,16773510,0.5438697584212113
tt3707106,20000000,3727746,-16272254,5.365172412498062
tt1106860,7000000,46488,-6953512,150.57649285837206
tt2994190,1000000,101053,-898947,9.895797254905842
tt4595882,10000000,11752387,1752387,0.8508909721914365
tt3498820,250000000,1140069413,890069413,0.2192848936646281
tt0458339,140000000,370569776,230569776,0.37779659612606936
tt1843866,170000000,714401889,544401889,0.23796129688005346
tt4154664,175000000,1123061550,948061550,0.15582405078332529
tt1535109,55000000,220648184,165648184,0.2492655910551251
tt2091256,38000000,126577874,88577874,0.30021044594255075
tt3268668,2000000,2791973,791973,0.7163393055735138
tt5968394,25000000,8993300,-16006700,2.779847219596811
tt1507261,4200000,313230,-3886770,13.408677329757687
tt1692486,25000000,38112154,13112154,0.6559587264472115
tt2402927,11800000,42843521,31043521,0.27542087402200205
tt1939659,30000000,82409520,52409520,0.3640356114196515
tt1216475,200000000,560155383,360155383,0.3570437883304247
tt3606752,175000000,383541369,208541369,0.4562741183728736
tt1702425,6000000,8446952,2446952,0.7103153895038116
tt1194417,12500000,2272186,-10227814,5.501310192035335
tt1287468,85000000,113026383,28026383,0.7520368054244468
tt1477837,10000000,7862131,-2137869,1.2719197886679832
tt1489889,50000000,217194805,167194805,0.23020808439686208
tt1020558,15000000,7885048,-7114952,1.9023346465360769
tt1823672,49000000,105002056,56002056,0.46665752906781177
tt1438254,44000000,48478084,4478084,0.9076266297983229
tt1629757,20000000,8300821,-11699179,2.4094002267968433
tt1991245,1000000,42411721,41411721,0.023578387682027805
tt1014763,50000000,8004221,-41995779,6.246704082758335
tt4575576,75000000,197504758,122504758,0.3797376871295425
tt1706593,12000000,123681790,111681790,0.0970231753599297
tt2674454,10000000,7582196,-2417804,1.3188791215631988
tt2553908,10000000,173472,-9826528,57.64619073971592
tt1661199,95000000,534551353,439551353,0.17771912738943157
tt5089556,95000000,534551353,439551353,0.17771912738943157
tt1129412,2000000,10024,-1989976,199.52114924181964
tt1684628,900000,958978,58978,0.9384991105113986
tt1792647,25000000,28012862,3012862,0.892447190865396
tt0800320,125000000,493214888,368214888,0.2534392270818881
tt2017486,1500000,5396,-1494604,277.98369162342476
tt1371111,102000000,130673154,28673154,0.7805734910171374
tt1985966,78000000,274392649,196392649,0.2842641750216858
tt2380307,175000000,798008101,623008101,0.219296019402189
tt7002100,175000000,798008101,623008101,0.219296019402189
tt5719748,60000000,62599159,2599159,0.9584793303692786
tt4682786,36000000,85309093,49309093,0.4219948745674743
tt1657507,40000000,72295262,32295262,0.5532866040377584
tt5990474,700000,1110511,410511,0.6303404468753574
tt3367294,3000000,7445044,4445044,0.4029526219052567
tt1971352,270000,830700,560700,0.3250270855904659
tt0816462,90000000,63356133,-26643867,1.4205412442075656
tt3322364,35000000,50363790,15363790,0.6949437284207562
tt1598778,60000000,137551594,77551594,0.4361999614486474
tt1524137,25000000,98406855,73406855,0.2540473425352329
tt1244754,12500000,11826980,-673020,1.0569054822110124
tt3813310,5000000,143658,-4856342,34.80488382129781
tt1385867,37000000,55909910,18909910,0.6617789225559476
tt4462082,50000,8374,-41626,5.970862192500597
tt1555064,15000000,20601987,5601987,0.7280851114021186
tt1630036,2000000,35185884,33185884,0.05684097634153514
tt3104988,30000000,238099711,208099711,0.12599763298326724
tt1686018,3000000,331000,-2669000,9.06344410876133
tt3076658,37000000,173567581,136567581,0.21317344971236304
tt6343314,50000000,213591522,163591522,0.23409168833957744
tt3014866,31500000,38771262,7271262,0.8124574330337764
tt3687310,7000000,386744,-6613256,18.099828310200028
tt2554274,55000000,74966854,19966854,0.7336575708512458
tt1327709,7000000,10062896,3062896,0.6956247982688085
tt1336617,7000000,10062896,3062896,0.6956247982688085
tt0790636,5000000,60611845,55611845,0.08249212674519313
tt5074352,9500000,294654618,285154618,0.03224113731691115
tt2071441,24200000,10447579,-13752421,2.316326107703995
tt1772288,10000000,8465845,-1534155,1.1812169960588694
tt6565702,350000000,149762350,-200237650,2.337035977333422
tt1077368,150000000,238202668,88202668,0.6297158686736456
tt2387433,3500000,27704111,24204111,0.12633504103416276
tt4555426,30000000,150807172,120807172,0.19892953101726488
tt1730687,12000000,1200346,-10799654,9.997117497788137
tt1279935,55000000,152269033,97269033,0.3612027929539685
tt2103281,170000000,710644566,540644566,0.23921944687043453
tt2101341,30000000,19599974,-10400026,1.530614275304651
tt1667310,6000000,1673635,-4326365,3.5850110687216747
tt1431045,58000000,801025593,743025593,0.07240717463567983
tt5463162,110000000,786680557,676680557,0.13982803950244319
tt0989757,25000000,142033509,117033509,0.17601480225345978
tt2235108,1250000,5403771,4153771,0.2313199430545817
tt1137450,30000000,48575965,18575965,0.617589377792083
tt1321509,21000000,48977233,27977233,0.42877064941582144
tt1860357,156000000,122603824,-33396176,1.2723909818669277
tt2377322,30000000,87956618,57956618,0.34107723423381286
tt2387559,22000000,70536870,48536870,0.31189362385940855
tt1259528,30000000,80131391,50131391,0.374385114567648
tt4645330,10000000,9263940,-736060,1.079454314255058
tt5897002,10000000,9263940,-736060,1.079454314255058
tt1323594,69000000,543464573,474464573,0.1269631976544679
tt1690953,76000000,975216835,899216835,0.07793138640802894
tt3469046,75000000,1034727750,959727750,0.07248283425277809
tt3231362,750000,450,-749550,1666.6666666666667
tt3523348,750000,450,-749550,1666.6666666666667
tt7137380,9000000,3681096,-5318904,2.4449240117617146
tt1314655,10000000,63354114,53354114,0.15784294607923963
tt2752758,7000000,36146087,29146087,0.19365858329284716
tt1833673,24000000,11723620,-12276380,2.0471492593584575
tt1196141,15000000,76954311,61954311,0.19492085375178006
tt2023453,22000000,77229695,55229695,0.28486452005281127
tt1650043,18000000,73695194,55695194,0.2442493061352142
tt6003368,22000000,35609577,13609577,0.6178113264305274
tt0427152,69000000,86796502,17796502,0.7949629122150568
tt1860213,11500000,105078449,93578449,0.10944204172636769
tt1840309,85000000,276014965,191014965,0.30795431689727404
tt1853728,100000000,449948323,349948323,0.22224774465933503
tt4056738,2300000,14304931,12004931,0.16078371856529752
tt1211837,165000000,676404566,511404566,0.2439368512482809
tt1564349,37000000,96068724,59068724,0.3851409538863033
tt2978462,36000000,57824533,21824533,0.6225731213428044
tt2229499,5500000,41268579,35768579,0.1332733070358444
tt3850214,7000000,18190831,11190831,0.3848092481316549
tt1389072,68000000,54462971,-13537029,1.248554729047007
tt0829150,70000000,220241723,150241723,0.31783260249920947
tt2223990,25000000,29847480,4847480,0.837591649278264
tt1462041,50000000,41642166,-8357834,1.2007060343595
tt1343727,45000000,41467606,-3532394,1.0851844208223644
tt2265398,500000,407100,-92900,1.2281994595922379
tt0780504,15000000,81357930,66357930,0.18437047255258338
tt1502404,50000000,41042583,-8957417,1.2182469119938186
tt1950135,600000,3301,-596699,181.76310209027568
tt1231583,65000000,211739043,146739043,0.30698164627106583
tt1618430,5200000,11633427,6433427,0.4469878050552086
tt2096672,40000000,156553592,116553592,0.255503559445637
tt3861390,170000000,345004422,175004422,0.492747307453352
tt5013056,150000000,499837368,349837368,0.3000976109493278
tt1274586,5000000,74639,-4925361,66.98910757110893
tt4701724,50000000,45285890,-4714110,1.1040966623378716
tt2183034,13000000,42174545,29174545,0.3082428038049966
tt1282140,8000000,76200721,68200721,0.10498588327005462
tt0879870,60000000,206598789,146598789,0.29041796561547123
tt1226273,60000000,82812456,22812456,0.7245286868439211
tt1631867,178000000,370541256,192541256,0.4803783576531084
tt7014006,2000000,14341016,12341016,0.1394601330895942
tt2113659,10000000,197901,-9802099,50.53031566288195
tt1535108,120000000,286192091,166192091,0.4192987988616359
tt4393036,27000,3547,-23453,7.612066535100085
tt1855199,15000000,57586606,42586606,0.2604772366685406
tt1731141,110000000,127983283,17983283,0.8594872503778481
tt2318092,20000000,34718173,14718173,0.5760671795719204
tt2390361,8000000,25621449,17621449,0.3122383905765829
tt1674771,30000000,46438538,16438538,0.6460151695559408
tt0848537,100000000,262794441,162794441,0.38052555305003577
tt1211956,70000000,103735965,33735965,0.674790078831387
tt2187884,650000,171962,-478038,3.779904862702225
tt2719848,65000000,221297061,156297061,0.2937228343940817
tt5001718,10000000,61603136,51603136,0.16232939829556728
tt1288558,17000000,97778356,80778356,0.17386260820339422
tt1945044,25000,489792,464792,0.05104207500326669
tt1528100,140000000,268314513,128314513,0.5217757266823655
tt1244659,31000000,15826984,-15173016,1.9586801882152658
tt8632862,5000000,6653715,1653715,0.7514598987182348
tt2295722,4500000,11774,-4488226,382.19806352981146
tt3183660,180000000,802402853,622402853,0.22432622133261532
tt4123430,200000000,652220086,452220086,0.3066449566534815
tt1502712,120000000,167849187,47849187,0.7149275021510828
tt1596343,125000000,630163454,505163454,0.1983612334332546
tt1433108,24000000,35792945,11792945,0.6705231994740863
tt1966359,25000000,21038441,-3961559,1.1883009772444642
tt2671706,24000000,64282881,40282881,0.37334978810299435
tt3411444,111000000,289847930,178847930,0.3829594366949593
tt4465564,55000000,381398492,326398492,0.1442061286388096
tt4477536,55000000,371350619,316350619,0.148108006789131
tt4667094,5000000,22113075,17113075,0.22611057032999707
tt2322441,40000000,570998101,530998101,0.07005277238216244
tt1622979,40000000,155011165,115011165,0.2580459284981182
tt2277860,200000000,1021215193,821215193,0.19584510823077816
tt1213641,60000000,105203825,45203825,0.5703214688249215
tt3401882,25000000,40286416,15286416,0.6205565667593762
tt6472976,7000000,80504421,73504421,0.08695174641402613
tt2039338,20000000,45173738,25173738,0.4427351130428923
tt1907668,31000000,160558438,129558438,0.19307611849088865
tt0817177,14000000,4289993,-9710007,3.263408588312382
tt4136084,29000000,56000339,27000339,0.517854007990916
tt2381941,65000000,168065700,103065700,0.38675351365567157
tt2141739,913000,176,-912824,5187.5
tt0249516,45000000,73706,-44926294,610.533742164817
tt1068242,24000000,62989834,38989834,0.3810138632846691
tt1405500,21000000,38017873,17017873,0.5523717752437124
tt1566501,12000000,10026255,-1973745,1.1968576502392967
tt4103724,3500000,16376066,12876066,0.21372654458036502
tt1341167,3750000,2436111,-1313889,1.5393387247132828
tt1142977,39000000,81150788,42150788,0.48058683053083845
tt1152822,2900000,172867,-2727133,16.775902861737638
tt1817771,33000000,70958,-32929042,465.0638405817526
tt1621039,55000000,110387072,55387072,0.4982467512137653
tt1124037,50000000,23237252,-26762748,2.151717423385519
tt1658801,7000000,1732228,-5267772,4.041038477613801
tt1632708,35000000,146595891,111595891,0.23875157592241109
tt1438176,30000000,40520649,10520649,0.7403632651589563
tt2510028,2300000,59696,-2240304,38.5285446261056
tt2294629,150000000,1272469910,1122469910,0.11788097999111036
tt2334649,900000,17549645,16649645,0.05128308863227718
tt1663143,14000000,11166615,-2833385,1.2537371441569356
tt2820852,190000000,1518722794,1328722794,0.12510512171847998
tt0492389,35000000,39340177,4340177,0.8896757124402364
tt2713180,80000000,210315681,130315681,0.3803805765676597
tt1583421,140000000,375740705,235740705,0.37259737403217996
tt2704998,37000000,117378084,80378084,0.31522068463819874
tt1321870,60000000,104100903,44100903,0.576363876497786
tt1703957,17000000,7265283,-9734717,2.339895087362736
tt1981128,100000000,220796009,120796009,0.452906737095959
tt2561572,40000000,106511453,66511453,0.37554646822816323
tt1226229,40000000,91455875,51455875,0.43736938714981405
tt5052448,5000000,255367951,250367951,0.0195795908625981
tt2473602,30000000,33339868,3339868,0.899823598581734
tt2167202,18000000,11813989,-6186011,1.5236174673939513
tt1219827,110000000,167910690,57910690,0.6551101660055116
tt1289401,144000000,229008658,85008658,0.6287971872225023
tt4481414,7000000,36964656,29964656,0.18937008368209893
tt3564472,28000000,140886353,112886353,0.19874174754172252
tt6823368,20000000,245303505,225303505,0.08153165198352955
tt1922612,9000000,17462398,8462398,0.5153931321459974
tt2404233,140000000,138836756,-1163244,1.0083785017275972
tt0831387,160000000,529076069,369076069,0.3024139804743276
tt3741700,170000000,299276941,129276941,0.5680357445246675
tt2568862,24000000,78672579,54672579,0.305061818298851
tt1322312,32000000,43603990,11603990,0.7338777942110344
tt2267998,61000000,368567189,307567189,0.1655057797345059
tt1051904,58000000,158905324,100905324,0.3649972105402837
tt5664636,35000000,93291478,58291478,0.3751682441991111
tt1801552,10000000,6089100,-3910900,1.642278826099095
tt2349460,1700000,2507159,807159,0.678058312217135
tt1703199,2000000,2151887,151887,0.9294168327611998
tt1454468,110000000,693698673,583698673,0.15857029036006243
tt2950418,9000000,2000093,-6999907,4.499790759729673
tt6966692,23000000,322034439,299034439,0.07142093271583291
tt1133985,200000000,219535492,19535492,0.9110144249477438
tt0947810,100000000,97523020,-2476980,1.0253989263252923
tt1375670,75000000,272223430,197223430,0.275508981721375
tt2191701,80000000,247023808,167023808,0.32385542368450576
tt1661382,40000000,69807260,29807260,0.57300630335584
tt2015381,170000000,770867516,600867516,0.22053076108605932
tt1320261,112000000,232017848,120017848,0.4827214844264912
tt1376195,9900000,458054,-9441946,21.61317224606706
tt2119532,40000000,168904682,128904682,0.23681995979247042
tt0475290,22000000,64160680,42160680,0.3428891339680315
tt0480687,68000000,87173475,19173475,0.780053795033409
tt1502407,10000000,254900667,244900667,0.03923096835207575
tt1781827,20000000,5031975,-14968025,3.9745825446271095
tt0993842,30000000,65343694,35343694,0.459110866918543
tt1428538,50000000,214949716,164949716,0.232612542739996
tt2955096,70000,30312,-39688,2.309316442333069
tt5308322,5000000,125010260,120010260,0.039996717069462936
tt8155288,9000000,64179495,55179495,0.1402317048459169
tt1402488,135000000,157956466,22956466,0.8546658672396482
tt1907639,1000000,96734,-903266,10.337626894370128
tt7158430,2000000,2420962,420962,0.8261178820650634
tt3276924,8900000,3324131,-5575869,2.67739147464405
tt5112932,8900000,3324131,-5575869,2.67739147464405
tt2852376,1000000,552614,-447386,1.8095813714455298
tt1999890,5500000,18119231,12619231,0.30354489106077404
tt2582782,12000000,37584304,25584304,0.31928221951376295
tt2274648,50000000,40725492,-9274508,1.2277322518289036
tt1267297,100000000,243388614,143388614,0.4108655633332133
tt3985956,100000000,243388614,143388614,0.4108655633332133
tt1648179,42000000,73239258,31239258,0.5734629370494169
tt1212419,50000000,108660270,58660270,0.4601497861177779
tt7784604,10000000,70133905,60133905,0.14258438910538349
tt4846340,25000000,231771716,206771716,0.10786475775154548
tt1562568,1800000,842693,-957307,2.1360091990796173
tt2924392,500000,528,-499472,946.969696969697
tt2679042,35000000,82182803,47182803,0.42587985226057573
tt1640459,3000000,834953,-2165047,3.593016612911146
tt1255919,42000000,41926605,-73395,1.0017505591020308
tt2076220,4000000,4230426,230426,0.9455312538264468
tt2224026,130000000,385997896,255997896,0.3367894005308257
tt5121236,130000000,385997896,255997896,0.3367894005308257
tt5775862,130000000,385997896,255997896,0.3367894005308257
tt5884960,130000000,385997896,255997896,0.3367894005308257
tt5719700,15000000,37336874,22336874,0.4017476128290762
tt2051894,1200000,2859955,1659955,0.4195870214741141
tt2312718,22000000,51695362,29695362,0.425570092729015
tt2558484,22000000,51695362,29695362,0.425570092729015
tt1411704,63000000,188657593,125657593,0.3339383217933879
tt1535438,30000000,133085295,103085295,0.22541934478936987
tt1499658,35000000,212417601,177417601,0.1647697734803059
tt2170439,40000000,105945357,65945357,0.3775531191989848
tt2967224,35000000,45671512,10671512,0.7663420470949155
tt1231587,36000000,65967750,29967750,0.5457212046795593
tt2637294,14000000,12826644,-1173356,1.0914780202834038
tt5834262,15000000,12758799,-2241201,1.1756592450433618
tt0837562,85000000,378505812,293505812,0.2245672254036617
tt2510894,80000000,469500298,389500298,0.1703939280566761
tt5220122,65000000,527079962,462079962,0.1233209468888897
tt1582507,6900000,44103982,37203982,0.15644845855415052
tt3504048,1500000,236863,-1263137,6.332774641881594
tt1573072,10100000,18726300,8626300,0.5393484030481195
tt4795124,10000000,62556228,52556228,0.15985618570224536
tt0892769,165000000,494870992,329870992,0.333420230054624
tt1646971,145000000,614586270,469586270,0.2359310760391702
tt2386490,129000000,519258283,390258283,0.24843128019972288
tt0970179,180000000,180047784,47784,0.9997346037871813
tt4698684,2500000,23845533,21345533,0.10484143927502061
tt3212232,18000000,309608,-17690392,58.13803260897651
tt6450186,7000000,85604221,78604221,0.08177166871245753
tt1742650,24000000,24474463,474463,0.9806139566780281
tt6791096,32000000,91553797,59553797,0.3495212765451989
tt2884206,1000000,852399,-147601,1.1731595180191436
tt1242432,1750000,1278471,-471529,1.3688226013730465
tt1560957,400000,433588,33588,0.922534756496951
tt1418377,65000000,74575290,9575290,0.8716023766049049
tt5580036,11000000,53797409,42797409,0.20447081382674023
tt3416828,105000000,402156682,297156682,0.26109226751577386
tt1667889,95000000,879765137,784765137,0.10798336511031807
tt2024432,35000000,175361578,140361578,0.199587620042972
tt7125860,12000000,19859167,7859167,0.6042549518819194
tt1355630,11000000,78356170,67356170,0.1403846053220825
tt1253864,75000000,211562435,136562435,0.3545052787844874
tt1637688,35000000,165103952,130103952,0.2119876573275484
tt1390411,100000000,89693309,-10306691,1.1149103663908755
tt3216348,5000000,9371036,4371036,0.5335589362798308
tt1255953,6800000,16038343,9238343,0.42398394896530145
tt1375666,160000000,835524642,675524642,0.19149644661228316
tt3606756,200000000,1242520711,1042520711,0.16096311170462252
tt1628841,165000000,384169424,219169424,0.42949800190241066
tt6512428,2700000,3588305,888305,0.7524443992358509
tt3062096,75000000,219519367,144519367,0.34165550413599727
tt1791528,20000000,14772346,-5227654,1.3538810964758068
tt1645089,2000000,7799257,5799257,0.25643468345766784
tt2042568,11000000,32943247,21943247,0.3339075835481548
tt2096673,175000000,854235992,679235992,0.20486142194767182
tt5726086,10000000,167885588,157885588,0.0595643742808942
tt7401588,48000000,119736188,71736188,0.40088131083645323
tt0816692,165000000,666379375,501379375,0.24760670301357993
tt2106361,50000000,150429371,100429371,0.33238189901093185
tt2180411,56200000,213116401,156916401,0.2637056544512499
tt1228705,170000000,621156389,451156389,0.2736830901372247
tt1300854,200000000,1215392272,1015392272,0.1645559253646464
tt1233301,25000000,5297411,-19702589,4.719286458989117
tt1396484,35000000,697457969,662457969,0.05018223542585976
tt4695012,5000000,19720203,14720203,0.25354708569683587
tt0804497,8000000,6632950,-1367050,1.2060998499913311
tt1319716,10000000,1642939,-8357061,6.08665324762514
tt1616195,35000000,84606030,49606030,0.41368209807267875
tt2176013,9200000,5806666,-3393334,1.5843859453944829
tt0790724,60000000,217370736,157370736,0.276026116045354
tt3393786,60000000,159946489,99946489,0.37512545836501604
tt1205537,60000000,131377412,71377412,0.4566995123941093
tt0810913,79000000,150519217,71519217,0.5248499266376067
tt1351685,195000000,197687603,2687603,0.9864047974723028
tt1116184,20000000,171685793,151685793,0.11649187536443391
tt1619029,9000000,36588512,27588512,0.2459788471310339
tt4196776,120000000,416168316,296168316,0.288344872462612
tt3614530,5000000,2368937,-2631063,2.110651317447446
tt1742044,40000000,65282732,25282732,0.6127194554296532
tt3348730,10000000,102445196,92445196,0.09761316675112809
tt2357129,18000000,43402515,25402515,0.41472251089596995
tt3532296,4000000,373375,-3626625,10.713090056913291
tt3614128,4000000,373375,-3626625,10.713090056913291
tt0401729,275000000,282778100,7778100,0.9724939802622622
tt2911666,30000000,76235001,46235001,0.39352003156660287
tt1634122,45000000,164640401,119640401,0.2733229494502993
tt1075747,47000000,11022696,-35977304,4.263929623025075
tt1397514,79000000,318146162,239146162,0.24831354086867785
tt2446980,60000000,101134059,41134059,0.593271946100769
tt1710396,27500000,31157914,3657914,0.8826008056893667
tt4374230,560000,8462,-551538,66.17820846135665
tt2283362,90000000,964496193,874496193,0.09331296551836156
tt1640484,7000000,38158601,31158601,0.18344488048710172
tt1617661,179000000,181982519,2982519,0.9836109588086315
tt0369610,215000000,1648854864,1433854864,0.13039352625520106
tt4881806,170000000,1305772799,1135772799,0.13019110225775196
tt5721088,22000000,6756412,-15243588,3.256166142621261
tt1407061,12000000,21867665,9867665,0.5487554341078483
tt0974015,300000000,655945209,355945209,0.4573552727938287
tt1702443,13000000,99034125,86034125,0.13126788367141123
tt4590482,1000000,17721,-982279,56.43022402798939
tt2215719,12000000,32700439,20700439,0.36696755049679913
tt4139124,15000000,20688141,5688141,0.7250530630084163
tt1999192,750000,7712436,6962436,0.0972455395415923
tt2609912,2500000,32327255,29827255,0.07733412564722864
tt4669186,10000000,23591043,13591043,0.42388969406736277
tt2166214,5600000,14683763,9083763,0.3813736301791305
tt1487931,15000000,20898221,5898221,0.7177644451171227
tt1250777,28000000,97531134,69531134,0.2870878134155602
tt1650554,28000000,63129909,35129909,0.44352986474287487
tt4254584,10000000,150191,-9849809,66.5818857321677
tt1458169,21000000,34836080,13836080,0.6028232797720064
tt1416801,12000000,1188194,-10811806,10.099360878779054
tt1216491,5000000,6656705,1656705,0.7511223645932935
tt1448755,70000000,65409046,-4590954,1.0701883650772097
tt1103153,75000000,95572749,20572749,0.784742521113419
tt1764234,15000000,39238443,24238443,0.3822781653186392
tt6017942,30000000,10096821,-19903179,2.971232232402654
tt1972591,175000000,139630336,-35369664,1.2533093095185275
tt4649466,104000000,408803696,304803696,0.25440083105315175
tt1198101,9200000,17155193,7955193,0.5362807634982597
tt1013743,117000000,258751370,141751370,0.4521715189372717
tt3605418,2000000,6328516,4328516,0.31602985597255345
tt3731562,185000000,561072059,376072059,0.32972591850274263
tt3850590,15000000,61788393,46788393,0.24276404146001984
tt4302938,55000000,77548122,22548122,0.7092370334899922
tt1302011,150000000,664837547,514837547,0.22561902629726177
tt2267968,140000000,517599142,377599142,0.2704795828274383
tt1592873,11000000,10431506,-568494,1.0544977877595048
tt3783958,20000000,426351163,406351163,0.04690968791845421
tt4925292,10000000,78610769,68610769,0.12720903417189572
tt1583420,30000000,61449135,31449135,0.48820866233511667
tt1204975,28000000,112914167,84914167,0.24797596921562554
tt6107548,4000000,246305,-3753695,16.240027608046933
tt1212450,26000000,54393687,28393687,0.47799664692705973
tt1508675,5500000,13480196,7980196,0.40800593700566373
tt1216492,19000000,32618920,13618920,0.5824840307404414
tt1537401,19000000,32618920,13618920,0.5824840307404414
tt1327773,30000000,177025498,147025498,0.1694671125851034
tt2467046,16000000,20769209,4769209,0.7703711778334938
tt3569230,25000000,42425450,17425450,0.5892689411662104
tt1219342,100000000,139716717,39716717,0.7157339661795804
tt1038686,26000000,67647574,41647574,0.38434489904989055
tt1228987,20000000,28270399,8270399,0.7074537575504328
tt5804314,3000000,7241309,4241309,0.41428973684177817
tt6184774,3000000,7241309,4241309,0.41428973684177817
tt1462054,3000000,3237452,237452,0.9266546654591327
tt0892318,30000000,82148538,52148538,0.3651921352513906
tt5442430,58000000,100929666,42929666,0.5746576036425207
tt1055292,38000000,105887837,67887837,0.35887030160036226
tt0454876,120000000,620912003,500912003,0.19326410090352208
tt5619332,30000000,65759911,35759911,0.45620499699277267
tt4786282,5000000,148806510,143806510,0.03360068050786219
tt5328340,5000000,148806510,143806510,0.03360068050786219
tt1758692,250000,3728400,3478400,0.06705289132067374
tt1219289,27000000,155564919,128564919,0.1735609813161025
tt0443272,65000000,273346281,208346281,0.2377936138812878
tt3741834,12000000,149570720,137570720,0.08022960643633995
tt1810683,20000000,17769299,-2230701,1.1255368036746976
tt0970866,100000000,310650574,210650574,0.3219050868388223
tt2361317,65000000,21774432,-43225568,2.985152494448535
tt1241226,300000,3496,-296504,85.81235697940504
tt1592525,20000000,33943049,13943049,0.589222258731088
tt3315342,127000000,615461394,488461394,0.2063492547836396
tt5439796,29000000,44264271,15264271,0.6551559382961486
tt1273221,8000000,433732,-7566268,18.444569457637435
tt3300542,60000000,195194085,135194085,0.3073863636800265
tt1091191,40000000,149804632,109804632,0.26701444051476325
tt2139881,40000000,43711031,3711031,0.9151008128817644
tt1276104,30000000,170466405,140466405,0.17598775547592502
tt0979434,17000000,24719879,7719879,0.6877056315688277
tt1125929,25000000,146149,-24853851,171.0583035121691
tt2279339,18000000,42227490,24227490,0.426262607604667
tt5164432,10000000,65520633,55520633,0.1526236781015226
tt4669986,9000000,12898064,3898064,0.6977791395669923
tt2872732,40000000,457507776,417507776,0.0874302079621921
tt1470023,10000000,8629895,-1370105,1.1587626500670054
tt0985694,12500000,46370970,33870970,0.2695652042646509
tt2002718,20000000,18273009,-1726991,1.0945104881193897
tt1586752,30000000,3721988,-26278012,8.060208684176306
tt1392190,150000000,370098020,220098020,0.4052980342883218
tt1277953,145000000,746921271,601921271,0.19413023250210798
tt1371155,8000000,15644196,7644196,0.5113717572958048
tt1787759,25000000,54160818,29160818,0.46158830171287296
tt1881002,4500000,1027760,-3472240,4.3784541138008874
tt1915581,7000000,170549753,163549753,0.041043741646462545
tt2268016,14500000,123660597,109160597,0.11725642890111553
tt1587310,180000000,758536735,578536735,0.2372989885585436
tt2023587,15000000,148095566,133095566,0.10128594937136741
tt0770828,225000000,667999518,442999518,0.33682659034493495
tt1568338,42000000,49621440,7621440,0.8464083267232874
tt4034228,8500000,77733867,69233867,0.10934744826215838
tt2304771,35000000,29890402,-5109598,1.170944438954016
tt6998518,6000000,1427656,-4572344,4.202693085729336
tt0466893,14000000,623292,-13376708,22.461382466003094
tt1615147,3400000,20433227,17033227,0.16639564568044
tt1392197,50000000,89895930,39895930,0.5561987066600235
tt1305591,150000000,39549758,-110450242,3.792690716337632
tt5301662,12000000,10116816,-1883184,1.186143940939521
tt1441326,1000000,5438911,4438911,0.18386033527667578
tt5028340,130000000,341528518,211528518,0.380641712619735
tt2328900,25000000,46734733,21734733,0.5349340500137232
tt3369806,20000000,43658157,23658157,0.4581045416094866
tt1472584,10000000,4563080,-5436920,2.191502230949271
tt4046784,61000000,310566162,249566162,0.19641547426535155
tt2097298,17000000,45707924,28707924,0.371926758257496
tt2674426,20000000,208265198,188265198,0.09603140703325766
tt2582496,8000000,9266180,1266180,0.8633546941673915
tt3522806,40000000,109738840,69738840,0.36450175708072
tt4191580,900000,9097072,8197072,0.09893293138715402
tt4003774,2000000,6049171,4049171,0.3306238160567787
tt1001526,130000000,321887208,191887208,0.4038681773275066
tt1527186,9400000,21817298,12417298,0.430850786380605
tt1409024,215000000,654213485,439213485,0.3286388998844926
tt2283336,110000000,3100000,-106900000,35.483870967741936
tt2172935,18000000,9082906,-8917094,1.9817446090491304
tt1664697,20000000,754301,-19245699,26.514614192477538
tt4981636,8500000,23311293,14811293,0.36463013870573374
tt1211890,200000,236806,36806,0.8445731949359391
tt2649554,18000000,7680250,-10319750,2.3436737085381334
tt1605783,30000000,162502774,132502774,0.18461223314255545
tt2823054,33000000,75898100,42898100,0.4347934928542348
tt4560436,35000000,66295121,31295121,0.5279423202199148
tt1647668,25000000,39217912,14217912,0.6374638201034262
tt2293640,74000000,1160336173,1086336173,0.06377462128813595
tt4257926,13000000,73798736,60798736,0.17615477858590967
tt1667353,85000000,173613482,88613482,0.48959331395703476
tt3658772,11000000,2352511,-8647489,4.675854863165358
tt5941692,15000000,15362298,362298,0.9764164189498212
tt4540710,18000000,7719630,-10280370,2.331717970939022
tt3521164,150000000,637517365,487517365,0.23528770859441608
tt5152894,4900000,17536004,12636004,0.27942511874427034
tt2241351,27000000,93466095,66466095,0.28887480535053917
tt1210166,50000000,111300835,61300835,0.4492329280368831
tt1470827,500000,5639730,5139730,0.08865672647449435
tt1453405,200000000,743588329,543588329,0.2689660289167879
tt1067774,20000000,39686769,19686769,0.5039462900091464
tt4975722,1500000,65245512,63745512,0.02299008704230875
tt1748122,16000000,68848446,52848446,0.23239449732823309
tt4520364,8000000,7298786,-701214,1.0960726893486121
tt1126618,40000000,59795070,19795070,0.6689514704138653
tt1571234,100000000,85287417,-14712583,1.1725059043586699
tt3045616,60000000,30396134,-29603866,1.9739352379483524
tt1333125,10000000,31164747,21164747,0.3208753788375051
tt0864835,145000000,269806430,124806430,0.5374223290378958
tt2473794,14000000,25187026,11187026,0.5558417258155052
tt2281587,55000000,79312301,24312301,0.6934611568008852
tt3402236,55000000,345922730,290922730,0.15899504493387873
tt3966404,1400000,5552584,4152584,0.25213486189493034
tt3719896,20000000,2246000,-17754000,8.904719501335707
tt3760922,18000000,92096558,74096558,0.1954470437429377
tt0872230,25000000,16727470,-8272530,1.4945475914767745
tt1655420,10000000,34240572,24240572,0.2920511958737138
tt1289419,1600000,2595644,995644,0.6164173515320283
tt1821549,12000000,24761360,12761360,0.4846260463884052
tt2369135,66000000,194169619,128169619,0.3399089947228047
tt2004420,18000000,270944428,252944428,0.0664342874030242
tt4438848,35000000,108757621,73757621,0.3218165281493239
tt3531824,20000000,70652284,50652284,0.2830764820002139
tt1334260,15000000,11173718,-3826282,1.342435883919748
tt6781982,29000000,103008792,74008792,0.28152936693015485
tt2692250,127000000,353756621,226756621,0.35900388137187683
tt2872718,8500000,50334418,41834418,0.16887053308135996
tt1781922,5000000,42844516,37844516,0.11670104990799757
tt2011159,13200000,54323210,41123210,0.24299005894533846
tt1411238,25000000,149228078,124228078,0.16752879441360893
tt1959490,130000000,352831065,222831065,0.3684482827497063
tt4550098,22500000,32398681,9898681,0.6944727163429893
tt2024469,50000000,222383055,172383055,0.22483727458461258
tt1594972,18000000,30535660,12535660,0.5894747321656058
tt3569356,800000,35688,-764312,22.416498542927595
tt1670345,75000000,342769200,267769200,0.2188061237707472
tt3110958,90000000,328325007,238325007,0.2741186266082985
tt1483013,120000000,287916633,167916633,0.41678731356934146
tt2910274,1000000,3324070,2324070,0.30083602330877507
tt5811420,7000000,10237229,3237229,0.683778784278441
tt1711525,45000000,91323299,46323299,0.49275486642242305
tt2302755,70000000,172878928,102878928,0.4049076472755546
tt4669788,20000000,38073377,18073377,0.525301446204785
tt3872966,25000000,9313302,-15686698,2.6843325815054637
tt1563738,15000000,59168692,44168692,0.2535124487794998
tt1598828,42000000,36197221,-5802779,1.160310069107239
tt1602613,4800000,4494560,-305440,1.0679577088747285
tt3829920,38000000,24555177,-13444823,1.5475351694675221
tt1922679,3000000,47469,-2952531,63.19914049168931
tt1204977,5000000,103300632,98300632,0.04840241442085272
tt4361050,9000000,81831866,72831866,0.10998160545428598
tt1305583,14000000,21410546,7410546,0.6538833713068317
tt1637706,5000000,25861249,20861249,0.1933394632254614
tt1206543,22000000,15434375,-6565625,1.4253897550111359
tt1563742,12000000,85369830,73369830,0.14056488105926884
tt1623205,200000000,490359051,290359051,0.40786439975388566
tt1663662,190000000,411002906,221002906,0.46228383601745143
tt2557478,155000000,290930148,135930148,0.5327739358246227
tt1980209,26000000,81275291,55275291,0.319900423364833
tt3332064,150000000,151525973,1525973,0.9899292974677021
tt3622592,12000000,85450484,73450484,0.1404322063289893
tt1623288,60000000,108119662,48119662,0.554940691546002
tt1413495,40000000,16340767,-23659233,2.4478655132895537
tt1536044,3000000,177512032,174512032,0.016900262850914803
tt1778304,5000000,207039844,202039844,0.024149940916686548
tt2109184,5000000,142817992,137817992,0.03500959458945481
tt2473510,10000000,77959374,67959374,0.12827193815076043
tt2473682,5000000,90904854,85904854,0.055002563449472124
tt1047540,25000000,120832383,95832383,0.2068981789426432
tt1904996,35000000,48543388,13543388,0.7210044754189798
tt2345112,10000000,1616353,-8383647,6.186767370741416
tt1355644,110000000,302239672,192239672,0.3639495744291305
tt5247022,5000000,10727536,5727536,0.46609025595439624
tt4572514,40000000,52837989,12837989,0.7570310823146581
tt6288250,1000000,1471090,471090,0.6797680631368577
tt1092026,40000000,101162106,61162106,0.39540497506052313
tt3450650,38000000,107650646,69650646,0.352993701496227
tt7388562,5000000,25529498,20529498,0.19585187299805112
tt1699755,11000000,9307166,-1692834,1.1818850120434083
tt1911658,132000000,366942531,234942531,0.3597293550035496
tt1716777,16000000,12617472,-3382528,1.2680828616065087
tt6850820,25000000,51800758,26800758,0.4826184203713776
tt0814255,95000000,223050874,128050874,0.42591180342113344
tt1854564,90000000,200859554,110859554,0.44807427980249326
tt0837563,21000000,109501146,88501146,0.19177881480802036
tt5117670,50000000,347136477,297136477,0.14403556904220124
tt1922685,18000000,1199510,-16800490,15.006127502063343
tt3088580,18000000,1199510,-16800490,15.006127502063343
tt2431286,12000000,98963392,86963392,0.12125695934108645
tt0464154,24000000,83660160,59660160,0.28687489959378515
tt1790809,230000000,788241137,558241137,0.2917888818583697
tt1298650,410600000,1045663875,635063875,0.3926692026154198
tt1981677,17000000,116044347,99044347,0.14649571857214208
tt2848292,29000000,287625468,258625468,0.1008255638892172
tt4765284,45000000,185736412,140736412,0.24227882683552646
tt2120120,90000000,244041804,154041804,0.36878927513582876
tt2556874,10000000,575371,-9424629,17.38009041123032
tt0878835,3000000,4570178,1570178,0.6564295745154783
tt2226519,2000000,28864,-1971136,69.29046563192905
tt2058673,100000000,126704591,26704591,0.7892373844606783
tt1029360,35000000,95713069,60713069,0.36567629024621495
tt1921064,80000000,108469033,28469033,0.7375376896740657
tt3960412,20000000,9537120,-10462880,2.0970691361752816
tt6175394,8500000,30700192,22200192,0.27687123259685154
tt3717490,120000000,142531552,22531552,0.84191884755454
tt1424381,40000000,127234389,87234389,0.3143804148735292
tt1547234,35000000,31393201,-3606799,1.1148910874045626
tt1374989,28000000,16638300,-11361700,1.682864234927847
tt0822847,60000000,84154026,24154026,0.7129783665965073
tt1392214,46000000,113402302,67402302,0.4056355046478686
tt2436386,12000000,32909437,20909437,0.3646370492451755
tt1636826,12000000,103028188,91028188,0.11647297922001695
tt1604171,8000000,10763183,2763183,0.7432745499170645
tt1446714,125000000,402448265,277448265,0.31059892878405126
tt6421110,30000000,21709539,-8290461,1.3818810247421651
tt2630916,2000000,72277,-1927723,27.671320060323477
tt0448694,130000000,554987477,424987477,0.23423951960631356
tt4341582,15000000,10055481,-4944519,1.491723767366275
tt0790736,130000000,79076678,-50923322,1.6439739666352702
tt1821694,84000000,141507355,57507355,0.5936087209035884
tt0935075,5000000,6205034,1205034,0.8057973574359142
tt3499096,5000000,23745772,18745772,0.21056380057889884
tt0493949,15000000,27469621,12469621,0.5460577705094657
tt2231461,120000000,428056280,308056280,0.2803369687742929
tt1192628,135000000,245724600,110724600,0.5493955428150051
tt1716760,40000,3632,-36368,11.013215859030836
tt1677720,150000000,579290136,429290136,0.25893760428194135
tt0433035,110000000,263880341,153880341,0.41685560805001387
tt1234719,65000000,48164150,-16835850,1.3495514817556211
tt0803061,9100000,20927794,11827794,0.43482843915608116
tt1748179,17700000,14518884,-3181116,1.2191019640352523
tt1486185,42000000,91678442,49678442,0.4581229685382306
tt2873282,69000000,145951861,76951861,0.47275861730875773
tt0873886,4000000,1983596,-2016404,2.0165396582771895
tt0485985,58000000,50365498,-7634502,1.1515819817764932
tt1893256,23000000,13593473,-9406527,1.6919885006576318
tt3059814,23000000,13593473,-9406527,1.6919885006576318
tt3104228,23000000,13593473,-9406527,1.6919885006576318
tt3279418,23000000,13593473,-9406527,1.6919885006576318
tt3319920,20000000,15824374,-4175626,1.2638730606341837
tt1403981,16000000,56506120,40506120,0.28315516974090593
tt1053424,32000000,18195238,-13804762,1.7587019197000886
tt1220634,57500000,295874190,238374190,0.194339357549234
tt1855325,65000000,240647629,175647629,0.27010446880405375
tt1498569,8000000,2772511,-5227489,2.8854709683748774
tt3623726,18000000,41166033,23166033,0.43725369408317777
tt1411250,38000000,94763758,56763758,0.4009971829103696
tt1408253,25000000,153733800,128733800,0.1626187604807791
tt2869728,40000000,124827316,84827316,0.320442682593608
tt0498381,25000000,82917283,57917283,0.3015052965495746
tt1436562,90000000,487519809,397519809,0.18460788328705635
tt2357291,130000000,492846291,362846291,0.26377392378509346
tt1446192,145000000,306900902,161900902,0.47246521289142385
tt1318514,93000000,470986200,377986200,0.19745801469342414
tt3231054,20000000,46255763,26255763,0.43237855572720746
tt3110770,1500000,113169,-1386831,13.25451316173157
tt0955308,210000000,322459006,112459006,0.6512455725922569
tt4532826,99000000,84747441,-14252559,1.168176865658988
tt1234721,120000000,242981799,122981799,0.49386415152848545
tt1990314,2500000,4934356,2434356,0.5066517292226179
tt1336608,70000000,61031932,-8968068,1.1469405884119808
tt3164256,15000000,3386153,-11613847,4.429805741205433
tt2066051,41000000,108642725,67642725,0.37738375947400066
tt3748528,200000000,1049102856,849102856,0.19063907686092507
tt6000478,22000000,12967012,-9032988,1.696612912828337
tt3170832,13000000,36262783,23262783,0.3584942722129187
tt2752688,10000000,3185717,-6814283,3.13901077842131
tt4799050,20000000,46844357,26844357,0.42694576851593885
tt1798243,5000000,567219,-4432781,8.814937440388986
tt2199571,50000000,66961644,16961644,0.7466961235300614
tt2364841,30000000,60512680,30512680,0.49576386304490233
tt1979320,38000000,98230839,60230839,0.38684389125496527
tt1742334,35000000,18376443,-16623557,1.904612334389196
tt1656190,33000000,41495213,8495213,0.7952724570904118
tt1702439,28000000,94050951,66050951,0.2977109715775229
tt1599348,85000000,208542162,123542162,0.4075914394711224
tt1862079,750000,4422318,3672318,0.16959431682660542
tt0944835,130000000,290650494,160650494,0.447272592628038
tt1251743,5500000,28468,-5471532,193.19938176197837
tt1230168,6500000,6423605,-76395,1.0118928545575265
tt2126355,110000000,456258539,346258539,0.24109137823719723
tt0881320,30000000,108957098,78957098,0.2753377297181685
tt4080386,2700000,8200000,5500000,0.32926829268292684
tt1700841,19000000,141344255,122344255,0.13442357455561246
tt1615065,45000000,82513490,37513490,0.5453653699534464
tt2140373,35000000,114962525,79962525,0.3044470361102455
tt1727776,15000000,15554855,554855,0.9643291435375
tt1262416,40000000,95989590,55989590,0.41671185385831944
tt1529567,5000000,16515203,11515203,0.30275134977148027
tt0479997,40000000,91126600,51126600,0.4389497687832093
tt2126357,15700000,63288854,47588854,0.24806895697621575
tt1741273,20000000,32608019,12608019,0.6133460606729897
tt1028576,35000000,60376247,25376247,0.5796981716998739
tt1307068,10000000,11766959,1766959,0.8498372434203264
tt6476140,25000000,11367029,-13632971,2.1993433816347263
tt1931533,13500000,33035736,19535736,0.4086483800451729
tt1956620,40000000,126069509,86069509,0.3172852842633027
tt1261945,95000000,294680778,199680778,0.3223827514124454
tt5314190,25000000,3645957,-21354043,6.856910270746473
tt4463894,30000000,600000,-29400000,50.0
tt1723811,6500000,20412841,13912841,0.3184270136626254
tt1633356,25000000,18877153,-6122847,1.324352247396628
tt0448115,85000000,362899733,277899733,0.23422447654432416
tt0815236,20000000,48680977,28680977,0.41083809801105675
tt2296777,59000000,87527651,28527651,0.6740726996089499
tt1515091,125000000,535663443,410663443,0.23335548026188527
tt1976608,500000,1131261,631261,0.44198465252492575
tt0892791,165000000,756244673,591244673,0.21818335505815853
tt2582500,10000000,11360665,1360665,0.8802301625829122
tt1130884,80000000,299461782,219461782,0.2671459425162975
tt3397884,30000000,84393749,54393749,0.3554765649763942
tt5052474,35000000,75885196,40885196,0.4612230295880108
tt2053463,30000000,66742138,36742138,0.44949114455997796
tt0490215,46500000,23726626,-22773374,1.9598235332743896
tt1045658,21000000,236412453,215412453,0.08882780806813083
tt0458481,65000000,40650842,-24349158,1.5989828697767194
tt3470600,75000000,634454789,559454789,0.11821173281426677
tt1922777,3000000,87727807,84727807,0.03419668292859526
tt2752772,10000000,54104225,44104225,0.1848284491645523
tt1850457,30000000,106030660,76030660,0.2829370297232895
tt4793074,30000000,106030660,76030660,0.2829370297232895
tt1074638,200000000,1110526981,910526981,0.18009467885229166
tt1564585,10000000,68264973,58264973,0.1464880093045668
tt5758778,125000000,304115534,179115534,0.411028000957031
tt5690360,10000000,51723644,41723644,0.19333517955540797
tt6182908,80000000,213691277,133691277,0.374371856086573
tt2398241,60000000,197578586,137578586,0.30367663426845254
tt2334871,42000000,57852177,15852177,0.7259882372274427
tt0882977,15000000,57907734,42907734,0.25903275717885976
tt1541995,6000000,11348205,5348205,0.5287179778652219
tt1735898,170000000,401021746,231021746,0.42391716084144726
tt3774114,50000000,35380918,-14619082,1.4131911444468457
tt3778644,275000000,393151347,118151347,0.6994761739936249
tt0491152,35000000,65084116,30084116,0.5377656201092137
tt1421051,7000000,17023121,10023121,0.41120544229228
tt3210686,22000000,70949793,48949793,0.31007842404839714
tt5688932,3200000,18285560,15085560,0.1750014765749586
tt1596346,18000000,47158652,29158652,0.3816902993749694
tt0945513,32000000,140428499,108428499,0.2278739730743686
tt1798684,30000000,94156456,64156456,0.31861861920546375
tt1876451,10000000,24660323,14660323,0.40550969263460174
tt2503358,150000,32927,-117073,4.555531934278859
tt2379713,300000000,879620923,579620923,0.34105600737284875
tt2250912,175000000,880166350,705166350,0.19882605146174925
tt1895587,20000000,92088460,72088460,0.21718247867322354
tt7785302,20000000,92088460,72088460,0.21718247867322354
tt2170593,13000000,54837234,41837234,0.2370652028145694
tt1303803,5600000,531806,-5068194,10.530155733481758
tt2660888,185000000,335802233,150802233,0.5509195050528446
tt1408101,190000000,467381584,277381584,0.4065200823145826
tt1193631,30000000,165889117,135889117,0.18084368970388817
tt1800741,33000000,165552290,132552290,0.1993327908662574
tt2080374,30000000,35579007,5579007,0.8431938530493558
tt1682180,12000000,12034913,34913,0.9970990234827622
tt1656186,35000000,17967746,-17032254,1.947934927397126
tt1423995,22000000,4065020,-17934980,5.412027493099665
tt4624424,70000000,183353431,113353431,0.38177633010859774
tt1398426,28000000,202182981,174182981,0.13848841213791382
tt2268573,1900000,285593,-1614407,6.6528241238405705
tt2325977,10000000,161097,-9838903,62.0744023786911
tt0999913,25000000,11253821,-13746179,2.2214677130549703
tt3881784,30000000,8786752,-21213248,3.4142308784861575
tt5738152,30000000,8786752,-21213248,3.4142308784861575
tt0978764,75000000,89758389,14758389,0.8355764941369436
tt3077214,14000000,34044909,20044909,0.4112215426982049
tt1386697,175000000,746059887,571059887,0.23456562006529644
tt3263904,60000000,238524556,178524556,0.25154642778163266
tt4832640,11000000,72989781,61989781,0.15070602828634327
tt1650062,50000000,257972745,207972745,0.1938189245534446
tt3247714,20000000,1703281,-18296719,11.742043737938719
tt1034415,20000000,7034615,-12965385,2.843083807713713
tt2112277,8000000,44197,-7955803,181.00776070774035
tt4034354,3000000,5837111,2837111,0.5139528784016614
tt1412528,5000000,4620399,-379601,1.0821576231836254
tt2854926,28000000,77026186,49026186,0.36351274097876274
tt0810922,19000000,7576604,-11423396,2.5077198174802326
tt1675192,4750000,4972016,222016,0.955346885448478
tt1397280,45000000,377807404,332807404,0.11910830630518823
tt1135084,32000000,70587268,38587268,0.45333954559623985
tt2103254,20000000,96407655,76407655,0.20745240613932575
tt0398286,260000000,586477240,326477240,0.4433249617666322
tt1637725,50000000,556016627,506016627,0.08992536836492841
tt2637276,68000000,217214143,149214143,0.3130551218297052
tt8043306,1500000,98806,-1401194,15.181264295690545
tt1291150,125000000,485004754,360004754,0.25772943248304736
tt3949660,135000000,245328374,110328374,0.5502828629190686
tt4131188,250000,18823,-231177,13.281623545662221
tt1572315,20000000,47666013,27666013,0.41958617348591754
tt2776878,20000000,9985316,-10014684,2.002941118738756
tt1800246,8000000,53068955,45068955,0.15074726834172633
tt1232200,57500000,58085235,585235,0.9899245479509552
tt6802308,30000000,56096200,26096200,0.5347955833015428
tt2006295,25000000,28400715,3400715,0.880259528677359
tt2304933,38000000,111336398,73336398,0.3413079701033619
tt0429493,110000000,177241171,67241171,0.6206232975068755
tt2140479,40000000,152962083,112962083,0.26150271502251965
tt1385826,50200000,126931325,76731325,0.39548945069312086
tt0983193,130000000,373993951,243993951,0.34759920488660523
tt1655441,30000000,68984536,38984536,0.43488007225271474
tt0948470,220000000,757890267,537890267,0.29027948976154355
tt1872181,200000000,708996336,508996336,0.2820889048995029
tt1440728,20000000,67950723,47950723,0.294330937435353
tt1985949,73000000,352327887,279327887,0.20719336360678142
tt1433822,17000000,10637281,-6362719,1.5981527610298158
tt1645080,4000000,1989035,-2010965,2.01102544701325
tt1655442,16000000,128256712,112256712,0.12474980646626899
tt1825978,16000000,128256712,112256712,0.12474980646626899
tt0848228,225000000,1517935897,1292935897,0.14822760331624202
tt3691740,140000000,199646680,59646680,0.7012388084790591
tt2321549,2000000,7482387,5482387,0.2672943807905151
tt1212436,35000000,75281179,40281179,0.4649236431326348
tt1321860,21000000,5046038,-15953962,4.161680906881795
tt2083355,17000000,72835710,55835710,0.2334019947083649
tt4807408,10000000,10205616,205616,0.9798526615149933
tt1972779,26000000,41059418,15059418,0.6332286541421508
tt1596363,28000000,133162752,105162752,0.21026900976032697
tt5462602,5000000,53972860,48972860,0.09263915234434492
tt1931435,32500000,48425971,15925971,0.6711274823998883
tt1053810,41000000,7684524,-33315476,5.3353987833208665
tt4196450,10000000,16891011,6891011,0.5920308736996264
tt0816442,19000000,76086711,57086711,0.24971509150921242
tt1037705,80000000,158750817,78750817,0.503934414397376
tt2262227,50000000,97651543,47651543,0.5120246794257004
tt2702724,29000000,78652207,49652207,0.36871184047003286
tt3874544,125000000,510878762,385878762,0.24467644634638383
tt3253232,3000000,421404,-2578596,7.119059145143378
tt1038919,45000000,135808837,90808837,0.3313480992404051
tt1194173,125000000,280355920,155355920,0.44586181736415625
tt0787474,60000000,111946251,51946251,0.5359714993939368
tt3882082,10000000,68220952,58220952,0.14658253376470032
tt3181822,4000000,53401938,49401938,0.07490364862788312
tt3381008,35000000,28720470,-6279530,1.2186430096721954
tt4030600,7400000,31187727,23787727,0.2372728220944091
tt1911644,12800000,69821476,57021476,0.18332468365463944
tt2926868,12800000,69821476,57021476,0.18332468365463944
tt1790886,95000000,104907746,9907746,0.9055575362376006
tt2292959,250000,62375,-187625,4.008016032064128
tt1488555,52000000,75997067,23997067,0.6842369324595119
tt2739338,7000000,1933829,-5066171,3.6197616231838494
tt0980970,155000000,418186950,263186950,0.37064762542207497
tt2943946,18000000,40651864,22651864,0.4427841242408958
tt4287320,18000000,40651864,22651864,0.4427841242408958
tt6954894,18000000,40651864,22651864,0.4427841242408958
tt1366365,20000000,25361206,5361206,0.788606030801532
tt1748227,10000000,8890094,-1109906,1.12484749880035
tt1590193,40000000,101985431,61985431,0.39221288381867014
tt1457767,20000000,318000141,298000141,0.06289305387446353
tt2193215,25000000,71009334,46009334,0.35206639172253046
tt0455407,19000000,56445534,37445534,0.336607675640025
tt0481499,135000000,573068425,438068425,0.2355739630917547
tt2690138,3000000,772366,-2227634,3.8841689043795298
tt1345836,275000000,1084439099,809439099,0.2535873155565742
tt1648190,60000000,113461527,53461527,0.5288136127411718
tt1093357,34800000,62831715,28031715,0.5538604190574776
tt4073790,34000000,38361428,4361428,0.8863069435267112
tt1878841,4000000,10898293,6898293,0.36702995597567434
tt4935746,4000000,10898293,6898293,0.36702995597567434
tt1033575,20000000,175507800,155507800,0.11395504929125658
tt1560985,1000000,101759490,100759490,0.00982709327650915
tt1270262,19100000,5965646,-13134354,3.2016649999011
tt3172532,2000000,2279959,279959,0.8772087568241359
tt1645170,65000000,180148897,115148897,0.3608126448867461
tt1578275,70000000,70546865,546865,0.9922482026664119
tt2364897,15000000,3503761,-11496239,4.281113923010159
tt3521126,10000000,28717667,18717667,0.34821770166775734
tt1600196,12600000,19054534,6454534,0.6612599394978644
tt1034389,25000000,38993548,13993548,0.6411317072250005
tt1869716,6500000,3027956,-3472044,2.1466626331426215
tt1878870,9000000,19096003,10096003,0.47130281661560275
tt4877122,50000000,216562312,166562312,0.2308804313097655
tt0455944,55000000,192903624,137903624,0.2851164683147684
tt3766354,77000000,190453132,113453132,0.404298943217169
tt1320253,82000000,268268174,186268174,0.3056642865135393
tt1764651,100000000,311979256,211979256,0.3205341319231815
tt2333784,100000000,209461378,109461378,0.4774149819638826
tt1361313,7000000,492108,-6507892,14.224519820852333
tt2404311,30000000,51078541,21078541,0.58733079317986
tt4155318,30000000,51078541,21078541,0.58733079317986
tt4630562,250000000,1234846267,984846267,0.2024543513480128
tt2582846,12000000,307166834,295166834,0.03906671773033934
tt5083738,15000000,94113929,79113929,0.15938129625849537
tt1837703,26000000,6154172,-19845828,4.224776298095016
tt0964517,11000000,129262388,118262388,0.08509822671696271
tt2025690,70000000,49252761,-20747239,1.42124012093454
tt6133466,13000000,136617305,123617305,0.09515632005769693
tt1763303,2000000,17061,-1982939,117.22642283570717
tt1195478,30000000,61623819,31623819,0.4868247454770695
tt5649144,2000000,11295324,9295324,0.17706442063990374
tt1615160,35000000,140783360,105783360,0.24860892650949656
tt3387542,10000000,40749230,30749230,0.24540341007670574
tt4982356,10000000,40749230,30749230,0.24540341007670574
tt2005374,19200000,5617460,-13582540,3.417914858316748
tt1235170,1000000,1239174,239174,0.8069891718192925
tt2309260,100000,41656474,41556474,0.0024005872412533043
tt2039393,25000000,38718031,13718031,0.6456939920317746
tt1754633,2000000,2436,-1997564,821.0180623973728
tt1139328,45000000,65532491,20532491,0.6866822749039099
tt1769363,900000,7396,-892604,121.6873985938345
tt4178092,5000000,58978477,53978477,0.08477668896061863
tt3631112,45000000,174278214,129278214,0.25820783313742246
tt1568346,90000000,239373970,149373970,0.37598073006852
tt0435651,25000000,66540205,41540205,0.3757126988111924
tt1979388,187500000,333771037,146271037,0.5617623436871186
tt2278388,31000000,163981261,132981261,0.18904599105381925
tt1343092,190000000,351040419,161040419,0.5412482144969181
tt7535780,150000000,334486852,184486852,0.44844812016706714
tt1485796,84000000,386665550,302665550,0.21724200669027793
tt0990407,110000000,229155503,119155503,0.48002338394640254
tt1540133,6000000,21197454,15197454,0.2830528609709449
tt1694020,40000000,41294674,1294674,0.9686479181310403
tt2515034,40000000,18594227,-21405773,2.151205317650473
tt1411697,80000000,586464305,506464305,0.1364106891381906
tt1981703,560000,3709,-556291,150.98409274737125
tt5580266,23000000,35067665,12067665,0.6558748636386255
tt3460252,62000000,147864886,85864886,0.4193017130517383
tt2404463,43000000,229727774,186727774,0.18717806406812612
tt1454029,25000000,213120004,188120004,0.1173048026031381
tt0443533,20000000,476624,-19523376,41.96179797911981
tt0903624,250000000,1017003568,767003568,0.2458201798560455
tt2310332,250000000,945577621,695577621,0.26438865984963916
tt1170358,250000000,960366855,710366855,0.2603171888934047
tt2398231,16000000,8217571,-7782429,1.9470473695937645
tt1517260,50000000,64477051,14477051,0.7754697093699277
tt4481514,40000000,31192425,-8807575,1.2823626249001159
tt2980648,22000000,94270488,72270488,0.2333710206316106
tt1392170,80000000,677923379,597923379,0.11800743635365908
tt1951264,130000000,864868047,734868047,0.15031194695067743
tt1951265,125000000,766575131,641575131,0.1630629470550878
tt1951266,160000000,648986787,488986787,0.24653814716261704
tt5360952,40000000,30963684,-9036316,1.2918359456193909
tt1124035,23000000,77735925,54735925,0.2958734973565954
tt2084970,15000000,227740463,212740463,0.06586444851479906
tt1649419,40000000,169590606,129590606,0.23586212080638477
tt0790628,32000000,27392609,-4607391,1.1681983267822353
tt1355631,47500000,20718104,-26781896,2.292680836045615
tt2361509,40000000,197115710,157115710,0.2029264942910943
tt2234155,58000000,93672764,35672764,0.6191767758662486
tt2788710,44000000,12342632,-31657368,3.564879840863764
tt6722030,8000000,36005871,28005871,0.22218598739077858
tt1872194,50000000,76119388,26119388,0.6568628744098678
tt3040964,175000000,962854547,787854547,0.18175123184000502
tt1155076,40000000,351774938,311774938,0.11370906701716198
tt2020110,3500000,40622,-3459378,86.16020875387721
tt6811018,59000000,28348446,-30651554,2.081242830735766
tt0842926,4000000,36275469,32275469,0.11026735450339732
tt0954947,13000000,3617277,-9382723,3.5938635609050675
tt0938283,150000000,319713881,169713881,0.4691694947083014
tt1709143,10600000,261364,-10338636,40.55646531274391
tt1320244,1800000,70165900,68365900,0.02565348695021371
tt2034139,4000000,25448707,21448707,0.157178908932387
tt1294226,20000000,92678948,72678948,0.21579873781044645
tt1549920,30000000,48330757,18330757,0.6207227418349769
tt1618442,80000000,130818912,50818912,0.611532375380098
tt2918436,5000000,38359310,33359310,0.1303464530514235
tt1043726,70000000,58953319,-11046681,1.1873801371556367
tt0918940,180000000,348902025,168902025,0.5159041424308156
tt4116284,80000000,310660018,230660018,0.25751624079285285
tt1490017,60000000,457729388,397729388,0.13108181727671808
tt3014284,70000000,122737201,52737201,0.5703242328297841
tt2547584,20000000,22281732,2281732,0.8975962909885102
tt1189340,40000000,87145086,47145086,0.45900465345802743
tt1210819,275000000,260002115,-14997885,1.0576837038421785
tt2726560,34000000,63802928,29802928,0.5328909043171185
tt2912776,300000,1711,-298289,175.33606078316774
tt0480255,25000000,29863840,4863840,0.8371328000685779
tt1390539,2500000,549632,-1950368,4.548497904052166
tt1327194,25000000,96633833,71633833,0.25870856224858635
tt2404435,90000000,162525156,72525156,0.5537604283240928
tt1258972,15000000,22018988,7018988,0.6812302182098469
tt3659388,108000000,655271443,547271443,0.16481719317043395
tt3103166,3500000,182695,-3317305,19.157612414132846
tt1560747,37500000,50647416,13147416,0.7404128968790826
tt1790864,34000000,348319861,314319861,0.09761143077626573
tt0472399,42500000,76347393,33847393,0.5566660278760271
tt4779682,178000000,529530715,351530715,0.3361466954754456
tt2177771,70000000,158702748,88702748,0.4410761683849356
tt1538403,60000000,75965567,15965567,0.7898315298561518
tt7959026,50000000,170857676,120857676,0.29264122731015024
tt2345759,195000000,409953905,214953905,0.4756632334066924
tt1204342,45000000,160971922,115971922,0.2795518587396875
tt1974419,7500000,3559803,-3940197,2.1068581604094385
tt1458175,30000000,67255916,37255916,0.44605741448826597
tt3799694,50000000,59596747,9596747,0.8389719660370053
tt3530002,25000000,52427346,27427346,0.47685038262283963
tt6353886,25000000,52427346,27427346,0.47685038262283963
tt2402157,15000000,34820335,19820335,0.4307827595570232
tt1821658,30000000,122529966,92529966,0.24483806679583997
tt3486626,40000000,57438389,17438389,0.6963983617298181
tt5523010,132900000,170293899,37393899,0.780415509777012
tt1041804,90000000,20466016,-69533984,4.397533941144188
tt1462769,40000000,55249159,15249159,0.7239929208696191
tt1606829,500000,314444,-185556,1.5901082545699712
tt1386588,100000000,170936470,70936470,0.5850126658167213
tt3702652,5000000,12905107,7905107,0.3874435136415374
tt2203939,40000000,195111193,155111193,0.20501130347760213
tt3844362,200000,1165996,965996,0.17152717505034323
tt1496422,12500000,4027663,-8472337,3.103536715956623
tt3072636,100000,20056,-79944,4.98603909054647
tt2452042,99000000,250091610,151091610,0.39585494291471834
tt3862750,18000000,60278166,42278166,0.2986155882712158
tt4871980,5000000,10182050,5182050,0.49106024818184946
tt1659337,13000000,33069303,20069303,0.39311381918149285
tt1430626,55000000,136143605,81143605,0.40398518902154823
tt0431021,14000000,82925064,68925064,0.16882712324466823
tt5734576,6000000,42785387,36785387,0.14023479558569846
tt6294822,50000000,179748880,129748880,0.2781658500459085
tt3829266,88000000,159487563,71487563,0.5517671619322442
tt4504044,6000000,19789712,13789712,0.3031878382060335
tt5932728,25000000,5227233,-19772767,4.782645043754506
tt10013288,90000000,10551417,-79448583,8.529660044712477
tt4192918,90000000,10551417,-79448583,8.529660044712477
tt7232438,90000000,10551417,-79448583,8.529660044712477
tt9889072,90000000,10551417,-79448583,8.529660044712477
tt2184339,3000000,91266581,88266581,0.032870739400219236
tt2975578,9000000,111534881,102534881,0.08069224550479415
tt4094724,10000000,118514727,108514727,0.0843776993217054
tt1486192,26000000,30601801,4601801,0.8496231970137966
tt1320291,10000000,15037867,5037867,0.6649879268116947
tt1663202,135000000,532938302,397938302,0.2533126245446701
tt1161864,37000000,97143987,60143987,0.3808779229948633
tt1265990,16000000,52545707,36545707,0.30449680694181164
tt2345737,8500000,3180252,-5319748,2.6727441724743826
tt0376136,45000000,21544732,-23455268,2.0886776405480467
tt1017451,9500000,5278632,-4221368,1.7997087124088211
tt2555736,10000000,90384306,80384306,0.11063867658617636
tt2709768,75000000,886750534,811750534,0.08457846612359637
tt5113040,80000000,113351496,33351496,0.7057692471919382
tt0359950,91000000,187861183,96861183,0.48440022865181254
tt1866249,1000000,11495204,10495204,0.08699280151965985
tt4052882,13000000,118763442,105763442,0.10946129365297445
tt5580390,19500000,195790794,176290794,0.0995961025624116
tt2910814,4000000,2665322,-1334678,1.5007567565945128
tt4971344,38000000,13143056,-24856944,2.891260601796112
tt1366344,25000000,38749404,13749404,0.6451712134720834
tt1571249,1000000,5797192,4797192,0.17249730559208665
tt2723576,1100000,2636,-1097364,417.298937784522
tt0472181,110000000,563749323,453749323,0.19512218553919222
tt2017020,110000000,348547523,238547523,0.3155954145168319
tt1758810,35000000,43226146,8226146,0.8096951322007749
tt1285016,40000000,224922135,184922135,0.17783932203915812
tt1535612,15000000,1148578,-13851422,13.059626773279655
tt0963966,160000000,217986320,57986320,0.7339910137480187
tt3922818,30000000,16481405,-13518595,1.8202331658010953
tt1714206,2500000,6916951,4416951,0.36143092527328874
tt2279373,74000000,311013181,237013181,0.23793203799937984
tt1273678,28000000,46752858,18752858,0.598893868691407
tt2486682,1500000,176262,-1323738,8.510058889607516
tt3753108,1500000,176262,-1323738,8.510058889607516
tt4587656,20000000,62758010,42758010,0.3186844197258645
tt1285009,5000000,29960051,24960051,0.16688890149085528
tt0889573,19000000,49858465,30858465,0.38107871953137745
tt1274300,20000000,277943,-19722057,71.95719985752474
tt1683003,20000000,277943,-19722057,71.95719985752474
tt2980516,15000000,123327692,108327692,0.12162718491480405
tt0905372,38000000,27573078,-10426922,1.3781558953991282
tt1509767,90000000,139877913,49877913,0.6434182357296109
tt0383010,30000000,54052249,24052249,0.5550185340114155
tt1758795,1500000,4128828,2628828,0.36329922195838626
tt1243957,100000000,278731369,178731369,0.358768373860353
tt0840361,37000000,152566881,115566881,0.2425165917890135
tt2938956,22000000,69698495,47698495,0.31564526608501375
tt0478304,35000000,61721826,26721826,0.5670603458815363
tt1325004,68000000,706102828,638102828,0.09630325400707784
tt1524575,13000000,14929184,1929184,0.8707776660800751
tt1695994,2000000,636706,-1363294,3.1411671949062834
tt3567288,5000000,98677816,93677816,0.05066994997132892
tt1606389,30000000,197618160,167618160,0.15180791077095343
tt2159988,35000000,61492104,26492104,0.5691787680577656
tt3488710,35000000,61492104,26492104,0.5691787680577656
tt4218696,3000000,4495262,1495262,0.6673693324215585
tt6845582,3000000,4495262,1495262,0.6673693324215585
tt7578246,3000000,4495262,1495262,0.6673693324215585
tt1032751,42000000,8514325,-33485675,4.932863145346225
tt1298649,55000000,67130045,12130045,0.8193052753055655
tt1727388,5000000,26853810,21853810,0.1861933185644793
tt0884732,23000000,80171596,57171596,0.2868846467768959
tt0993846,100000000,389870414,289870414,0.2564954826246446
tt0780653,150000000,142634358,-7365642,1.0516400263111922
tt1430132,115000000,416456852,301456852,0.2761390512551826
tt1596365,15000000,128955898,113955898,0.11631883638234213
tt3509804,200000,3648,-196352,54.824561403508774
tt1840417,6000000,16369708,10369708,0.3665306674987727
tt1213663,20000000,47508505,27508505,0.4209772544936954
tt1002563,16800000,7313697,-9486303,2.297059886402185
tt1316616,36000000,4020990,-31979010,8.953019032626294
tt2398249,3000000,82780,-2917220,36.2406378352259
tt1621045,12000000,113373764,101373764,0.10584459381625541
tt2239832,24000000,70027933,46027933,0.34272038273641464
tt1596350,65000000,156974557,91974557,0.4140798435252154
tt0800369,150000000,449326618,299326618,0.33383288234217184
tt3501632,180000000,846980024,666980024,0.21251977012388193
tt1981115,150000000,644602516,494602516,0.23270154285280512
tt5027774,12000000,160191915,148191915,0.07491014761887327
tt1855401,3000000,223652,-2776348,13.413696278146405
tt1340800,21000000,81452811,60452811,0.2578179898542728
tt1570989,50000,424149,374149,0.11788310240033573
tt1859650,21500000,74326015,52826015,0.28926614725678484
tt1365519,90000000,273477501,183477501,0.3290947140839933
tt1964418,170000000,206627518,36627518,0.8227364953394058
tt0808510,48000000,112610386,64610386,0.42624842792031636
tt2784678,12000000,26001741,14001741,0.4615075582823473
tt1386703,125000000,211856088,86856088,0.5900231670472458
tt0471042,85000000,150422946,65422946,0.5650733632088285
tt0435761,200000000,1068879522,868879522,0.18711182680885902
tt1772408,5800000,15091,-5784909,384.33503412630046
tt3152624,35000000,141123897,106123897,0.24800902429728114
tt1924429,16000000,22594052,6594052,0.7081509770801625
tt2209764,100000000,103039258,3039258,0.9705038830927917
tt2109248,210000000,1104039076,894039076,0.19021065881186255
tt1399103,195000000,1123790543,928790543,0.1735198798518453
tt3371366,217000000,602893340,385893340,0.3599309954228388
tt4713454,12000000,6553186,-5446814,1.8311703650712798
tt1674784,35000000,786532,-34213468,44.49914307364481
tt1712261,20000000,25943792,5943792,0.7708973306600669
tt1679335,125000000,344150134,219150134,0.36321357352718625
tt2083383,60000000,47818913,-12181087,1.254733665735982
tt1403865,35000000,252276928,217276928,0.13873642856472393
tt6772950,3500000,95127344,91627344,0.03679278588919711
tt6869948,3500000,95127344,91627344,0.03679278588919711
tt0491203,25000000,6792768,-18207232,3.680384785701499
tt1860353,135000000,286896578,151896578,0.4705528415190787
tt3099498,3000000,1887554,-1112446,1.5893585031209703
tt2140619,1600000,868081,-731919,1.8431459737052187
tt2032572,40000000,1663785,-38336215,24.0415678708487
tt1946502,45000000,24644664,-20355336,1.8259530744667487
tt1809398,65000000,163527824,98527824,0.39748587371895805
tt7334528,18000000,46527161,28527161,0.38687080004731
tt1634003,2500000,1392649,-1107351,1.7951400532366735
tt2123342,2500000,1392649,-1107351,1.7951400532366735
tt2358925,35000000,13214051,-21785949,2.648695695211105
tt3462710,12000000,16221211,4221211,0.7397721415497277
tt4761916,1000000,16434588,15434588,0.06084728135563849
tt1401152,40000000,136123083,96123083,0.29385170478397116
tt9024106,6000000,18107621,12107621,0.3313521969561877
tt7153766,1500000,14244931,12744931,0.10530061535573601
tt0477080,95000000,165720921,70720921,0.57325290872599
tt6499752,3000000,16553285,13553285,0.18123290935907888
tt3248078,50000000,26387039,-23612961,1.8948696744640428
tt6857112,20000000,254210310,234210310,0.07867501518722825
tt3566698,1900000,12444,-1887556,152.6840244294439
tt1524930,31000000,102306500,71306500,0.3030110501287797
tt0817230,52000000,217569328,165569328,0.23900427729408624
tt2239822,180000000,215098356,35098356,0.8368264795106105
tt1666186,20000000,81424988,61424988,0.2456248443045518
tt1545106,16000000,94812,-15905188,168.75500991435683
tt1270797,116000000,853628605,737628605,0.13589047897475273
tt2771372,6000000,3485383,-2514617,1.7214750860952728
tt6266538,60000000,70883171,10883171,0.8464632599464265
tt1976009,40000000,31124367,-8875633,1.2851666991331905
tt1655460,32500000,24159934,-8340066,1.3452023503044337
tt2005151,50000000,86234503,36234503,0.5798143232761486
tt1568911,70000000,156815529,86815529,0.4463843628649813
tt3832914,3000000,73975239,70975239,0.04055411027465555
tt3450958,152000000,489592267,337592267,0.3104624199466778
tt0803096,160000000,425522281,265522281,0.37600851270112456
tt1588173,30000000,115121608,85121608,0.2605939972624427
tt1291584,25000000,24215385,-784615,1.0324015083798999
tt1067583,38000000,116809717,78809717,0.3253154016287874
tt3787590,2000000,10153415,8153415,0.19697806107600252
tt1389137,50000000,118729073,68729073,0.4211268456547286
tt1723121,37000000,267816276,230816276,0.1381544114966336
tt1714210,190000,1577585,1387585,0.12043725060773271
tt1791679,190000,1577585,1387585,0.12043725060773271
tt1910670,190000,1577585,1387585,0.12043725060773271
tt3289724,45000000,12874922,-32125078,3.495166805670745
tt1183923,10000000,355919,-9644081,28.096280333446654
tt7634968,20000000,69911903,49911903,0.2860743184175662
tt1586265,37500000,88473016,50973016,0.4238580495549061
tt0770703,20000000,30163785,10163785,0.6630467628648062
tt1389139,10000000,30768449,20768449,0.3250082576473062
tt2247476,15000000,30138912,15138912,0.4976954708915836
tt2582802,3300000,38969037,35669037,0.08468261609851944
tt3553442,35000000,25350747,-9649253,1.3806299277887157
tt4537896,30000000,25947983,-4052017,1.1561592282529243
tt2334879,150000000,205440387,55440387,0.730138811508372
tt1391137,20000000,60831067,40831067,0.3287793718956138
tt4501244,38000000,117425156,79425156,0.3236103854952511
tt4218572,40000000,73866088,33866088,0.5415204877236763
tt2305051,15000000,52460543,37460543,0.2859291791928269
tt2231253,30000000,4315789,-25684211,6.951220275133933
tt1235189,8000000,5314194,-2685806,1.505402324416459
tt1072748,3500000,44378040,40878040,0.07886783643441667
tt2311428,850000,3256,-846744,261.05651105651106
tt1449283,30000000,50145607,20145607,0.5982577895607086
tt1399683,2000000,16131551,14131551,0.12398063893546256
tt2870708,6000000,6591365,591365,0.9102818611926361
tt5322012,12000000,23477345,11477345,0.5111310499547542
tt1403241,18000000,94953,-17905047,189.56747022210988
tt2404425,11000000,58586407,47586407,0.18775686312355697
tt1870529,19000000,5745503,-13254497,3.306934136140909
tt2543472,20000000,304604712,284604712,0.06565886610447444
tt6428676,100000000,115149422,15149422,0.8684368385279433
tt0451279,150000000,821133378,671133378,0.18267434258408627
tt4183692,13000000,14403703,1403703,0.9025456856476421
tt0816711,190000000,531514650,341514650,0.35746898039404934
tt1646987,150000000,305270083,155270083,0.4913681633191681
tt1772341,165000000,496511521,331511521,0.3323185727245189
tt3385516,178000000,542537546,364537546,0.3280878923723373
tt1877832,200000000,747862775,547862775,0.26742874051994364
tt1270798,160000000,355408305,195408305,0.45018644119754037
tt2178470,8300000,50827466,42527466,0.16329753680815015
tt3838992,5000000,22958,-4977042,217.78900601097658
tt1302067,80000000,204774690,124774690,0.39067328096064996
tt1414382,20000000,32838945,12838945,0.6090329637569051
tt1182350,15000000,34247816,19247816,0.43798413306121475
tt1625346,12000000,22750356,10750356,0.5274642735260934
tt1240982,50000000,26121638,-23878362,1.9141219245133096
tt3312830,13000000,24001573,11001573,0.541631167257246
tt1488181,20000000,34454336,14454336,0.5804784628558798
tt1790885,52500000,134612435,82112435,0.39000854564439014
tt1222817,80000000,170805525,90805525,0.4683689242487911
tt1608290,50000000,55348693,5348693,0.9033636982177701
tt2948356,150000000,1019429616,869429616,0.14714110483523563
tt2249221,16000000,1844228,-14155772,8.67571688533088
tt1293847,85000000,345033359,260033359,0.24635299104513544
